$ANSIBLE_VAULT;1.1;AES256
32373062623732313861316362376162373962323330636366306430346666356562313565316133
3934646233346235666438313536336630663838313236330a396530373933353037333536353038
35353939386530646563653536646465663138613637663866326634363661393830396338643965
6430633162373435320a366330653938306564613439623630633731626438346264353532353230
33333435316631656164393739646531666363656237313061363362646135623930333837356265
37613638643238663162393132363630393863316430303633386331636435356264616161613432
34343866323330633966373434656334666536343333363966313038646637366138363963653438
34336131363431343038353964643833343665386334323030346262393938646262376362386432
33666233626564336438623834383331383430396162373239383537356132663030326663313536
31346438346439616335383263616136333961623539646238626233383631656165653630626638
65313264303434333461626461386331333337613962396234643364333133343635623861333734
36633835326633346135376235366539653130653630306437333966393464313335346339623264
36366663316536383930353039363632653539656433333066333332323864323536396363663966
39646339663335353231386438633238626131383230626238313439373563346133613639656235
63653431323732396433313562313131363863376232616564363662353664616231306165323732
34356562343439373938393234373339363438306565643865396431643633306133316463653262
38633933346235333064636436353832643538383139643232393931363139633931646336313631
6438363333616261376238316139366438346139353430323064
